-814
378
982
-580
658
887
-952
531
-880
387
553
709
-444
-931
-686
-680
-981
-474
-252
283
-849
-524
-572
459
-676
-454
693
391
8
-110
-805
-548
-119
384
502
-610
769
8
-204
903
-494
837
520
-801
127
-253
-645
-591
436
-514
-650
836
-416
-542
-491
-67
668
-625
154
-672
-401
106
124
734
-642
780
475
-970
-321
-292
-79
-144
-770
-809
-862
-199
637
-351
-770
954
991
290
590
294
107
853
541
-2
-720
-87
-240
-69
539
983
-333
-254
964
-930
-792
-362
452
-12
-429
-444
-131
290
-938
434
-314
202
-827
-110
-618
230
-588
272
56
-984
902
168
690
971
-246
-430
861
-759
-630
455
-593
225
-550
-509
633
809
-897
-480
331
-154
453
381
-473
417
-696
769
-381
-236
758
-751
-323
495
775
570
-830
-928
-969
-474
747
183
-893
414
-732
530
-262
588
-935
911
343
687
486
-784
-792
908
58
-805
-174
735
-842
-624
-90
-971
207
-282
348
-451
-734
-984
-934
750
-557
197
906
960
134
983
-906
953
347
614
582
968
-28
-807
-479
479
-58
199
54
800
-276
307
-703
-665
504
-863
263
-974
255
-817
-753
-751
783
-122
268
-539
-625
-826
-276
-264
216
673
193
-104
-430
-809
-740
573
-856
-245
-56
-943
-446
110
