-984
-984
-981
-974
-971
-970
-969
-952
-943
-938
-935
-934
-931
-930
-928
-906
-897
-893
-880
-863
-862
-856
-849
-842
-830
-827
-826
-817
-814
-809
-809
-807
-805
-805
-801
-792
-792
-784
-770
-770
-759
-753
-751
-751
-740
-734
-732
-720
-703
-696
-686
-680
-676
-672
-665
-650
-645
-642
-630
-625
-625
-624
-618
-610
-593
-591
-588
-580
-572
-557
-550
-548
-542
-539
-524
-514
-509
-494
-491
-480
-479
-474
-474
-473
-454
-451
-446
-444
-444
-430
-430
-429
-416
-401
-381
-362
-351
-333
-323
-321
-314
-292
-282
-276
-276
-264
-262
-254
-253
-252
-246
-245
-240
-236
-204
-199
-174
-154
-144
-131
-122
-119
-110
-110
-104
-90
-87
-79
-69
-67
-58
-56
-28
-12
-2
8
8
54
56
58
106
107
110
124
127
134
154
168
183
193
197
199
202
207
216
225
230
255
263
268
272
283
290
290
294
307
331
343
347
348
378
381
384
387
391
414
417
434
436
452
453
455
459
475
479
486
495
502
504
520
530
531
539
541
553
570
573
582
588
590
614
633
637
658
668
673
687
690
693
709
734
735
747
750
758
769
769
775
780
783
800
809
836
837
853
861
887
902
903
906
908
911
953
954
960
964
968
971
982
983
983
991
